Element,Nreac,Nprod,Ratio
s7p_c,1,1,1.000,
ru5p__D_c,1,2,0.500,
6pgl_c,1,1,1.000,
fum_c,2,2,1.000,
for_c,1,2,0.500,
dhap_c,1,1,1.000,
fdp_c,2,1,2.000,
succ_e,2,1,2.000,
pyr_e,2,0,0
pi_e,2,0,0
o2_e,2,0,0
nh4_e,2,0,0
mal__L_e,2,0,0
h2o_e,2,0,0
glu__L_e,2,0,0
gln__L_e,2,0,0
glc__D_e,2,0,0
fum_e,2,0,0
fru_e,2,0,0
for_e,2,1,2.000,
etoh_e,2,0,0
2pg_c,2,0,0
lac__D_c,1,1,1.000,
lac__D_e,2,0,0
q8_c,2,2,1.000,
o2_c,1,1,1.000,
co2_e,2,0,0
nadp_c,6,3,2.000,
gln__L_c,3,2,1.500,
3pg_c,2,1,2.000,
oaa_c,3,2,1.500,
g6p_c,3,1,3.000,
r5p_c,3,0,0
e4p_c,2,1,2.000,
pi_c,3,9,0.333,
etoh_c,1,1,1.000,
akg_e,2,0,0
amp_c,1,1,1.000,
ac_e,2,0,0
h_e,15,2,7.500,
icit_c,2,1,2.000,
acon_C_c,1,1,1.000,
h2o_c,13,5,2.600,
cit_c,1,1,1.000,
atp_c,11,2,5.500,
ac_c,1,1,1.000,
acald_e,2,0,0
h_c,4,31,0.129,
nad_c,10,2,5.000,
coa_c,5,4,1.250,
